{
  "camera_angle_x": 1.0091912899732969,
  "frames": [
    {
      "file_path": "images/frame_0000.png",
      "transform_matrix": [
        [
          -0.5115370273826236,
          -0.858627852179666,
          -0.032986073999194676,
          0.3500178173676451
        ],
        [
          -0.21026193522352532,
          0.16230306816700407,
          -0.9640786444370774,
          0.6461839728791237
        ],
        [
          0.8331385168221457,
          -0.4862262081839154,
          -0.2635607828613445,
          -0.030513383707498315
        ],
        [
          0.0,
          0.0,
          0.0,
          1.0
        ]
      ]
    },
    {
      "file_path": "images/frame_0001.png",
      "transform_matrix": [
        [
          -0.522544916552014,
          -0.8520344999055671,
          -0.0313691115002635,
          0.33741927225241314
        ],
        [
          -0.2187827160871902,
          0.16955568398787446,
          -0.960929234214941,
          0.6526495586409304
        ],
        [
          0.8240636706754871,
          -0.4952656670899681,
          -0.27501088282969466,
          -0.03923205633862248
        ],
        [
          0.0,
          0.0,
          0.0,
          1.0
        ]
      ]
    },
    {
      "file_path": "images/frame_0002.png",
      "transform_matrix": [
        [
          -0.5236827337790645,
          -0.8513464468312453,
          -0.031074455900260145,
          0.3364152530462558
        ],
        [
          -0.22013826358091299,
          0.1704691614099147,
          -0.960457916785415,
          0.6535636025954387
        ],
        [
          0.8229796712247904,
          -0.49613455077832685,
          -0.27668568498337937,
          -0.03911400824595927
        ],
        [
          0.0,
          0.0,
          0.0,
          1.0
        ]
      ]
    },
    {
      "file_path": "images/frame_0003.png",
      "transform_matrix": [
        [
          -0.5244568796232827,
          -0.8508782154001393,
          -0.030842243324407215,
          0.33554084293000475
        ],
        [
          -0.22103470075614218,
          0.17104251617484584,
          -0.9601500501079082,
          0.6542746573100875
        ],
        [
          0.8222460960548554,
          -0.496740093225874,
          -0.27777803603686485,
          -0.03903543126397416
        ],
        [
          0.0,
          0.0,
          0.0,
          1.0
        ]
      ]
    },
    {
      "file_path": "images/frame_0004.png",
      "transform_matrix": [
        [
          -0.5252141915922361,
          -0.8504192922198459,
          -0.03061176849525915,
          0.33465799284997194
        ],
        [
          -0.22190898532630726,
          0.17160054798222557,
          -0.9598487662979235,
          0.6549818068357628
        ],
        [
          0.821526904721665,
          -0.4973331673561431,
          -0.27884272532369203,
          -0.03895840417200516
        ],
        [
          0.0,
          0.0,
          0.0,
          1.0
        ]
      ]
    },
    {
      "file_path": "images/frame_0005.png",
      "transform_matrix": [
        [
          -0.5259667558732595,
          -0.8499623395078406,
          -0.030380802071629076,
          0.3337661198220594
        ],
        [
          -0.2227796059372869,
          0.17215643862361757,
          -0.9595475015958606,
          0.655690401526409
        ],
        [
          0.8208094900125024,
          -0.4979218634070904,
          -0.27990283858264947,
          -0.03888140886875392
        ],
        [
          0.0,
          0.0,
          0.0,
          1.0
        ]
      ]
    },
    {
      "file_path": "images/frame_0006.png",
      "transform_matrix": [
        [
          -0.5267153930258475,
          -0.8495068675439827,
          -0.030149241204972532,
          0.33286548827245654
        ],
        [
          -0.22364800870596763,
          0.17271123486334083,
          -0.9592457440895079,
          0.6564006499143556
        ],
        [
          0.8200929599450789,
          -0.49850668134698917,
          -0.2809601852592801,
          -0.038804332283849
        ],
        [
          0.0,
          0.0,
          0.0,
          1.0
        ]
      ]
    },
    {
      "file_path": "images/frame_0007.png",
      "transform_matrix": [
        [
          -0.5279519490592437,
          -0.8487524754105318,
          -0.029765331663504813,
          0.3322546612250786
        ],
        [
          -0.2254560792095044,
          0.17385924757921845,
          -0.9586148957629773,
          0.6576588402349479
        ],
        [
          0.8188017439111994,
          -0.4993918276420638,
          -0.28314573394684206,
          -0.037311674881515364
        ],
        [
          0.0,
          0.0,
          0.0,
          1.0
        ]
      ]
    },
    {
      "file_path": "images/frame_0008.png",
      "transform_matrix": [
        [
          -0.5326493135707945,
          -0.8458635090037335,
          -0.028277780826103438,
          0.33370326711928316
        ],
        [
          -0.23392652610208275,
          0.17925196036000812,
          -0.9555873142172318,
          0.662713669791863
        ],
        [
          0.813365286410952,
          -0.5023780039402419,
          -0.29334834585973923,
          -0.02571588009641529
        ],
        [
          0.0,
          0.0,
          0.0,
          1.0
        ]
      ]
    },
    {
      "file_path": "images/frame_0009.png",
      "transform_matrix": [
        [
          -0.537962393347126,
          -0.8425512771588365,
          -0.026529393175153626,
          0.3354254834248857
        ],
        [
          -0.24363316486398834,
          0.18553209358943828,
          -0.9519562611941124,
          0.6682755269139763
        ],
        [
          0.8069940175258954,
          -0.5056532286125837,
          -0.30508272332448055,
          -0.012191699147961865
        ],
        [
          0.0,
          0.0,
          0.0,
          1.0
        ]
      ]
    },
    {
      "file_path": "images/frame_0010.png",
      "transform_matrix": [
        [
          -0.5429904467192825,
          -0.8393726159886008,
          -0.02479891731598144,
          0.33690172136632673
        ],
        [
          -0.25285460883964556,
          0.191590190977168,
          -0.9483447398018718,
          0.6734175025027784
        ],
        [
          0.8007658344111228,
          -0.5086716133713216,
          -0.31627087787223307,
          0.0008166407173677004
        ],
        [
          0.0,
          0.0,
          0.0,
          1.0
        ]
      ]
    },
    {
      "file_path": "images/frame_0011.png",
      "transform_matrix": [
        [
          -0.5475703047044573,
          -0.8364392620120034,
          -0.023154316458933955,
          0.3380577477494156
        ],
        [
          -0.26127361497703744,
          0.1971982338449043,
          -0.9449068497398454,
          0.6780111167614269
        ],
        [
          0.7949231783780719,
          -0.5113533196658286,
          -0.326519406688237,
          0.012812247178997815
        ],
        [
          0.0,
          0.0,
          0.0,
          1.0
        ]
      ]
    },
    {
      "file_path": "images/frame_0012.png",
      "transform_matrix": [
        [
          -0.5517355379049538,
          -0.8337393585438989,
          -0.02160042192961298,
          0.3389295798581458
        ],
        [
          -0.2689484291739549,
          0.20237561312278063,
          -0.941653255534137,
          0.6821212186518684
        ],
        [
          0.7894647798715225,
          -0.5137341659146144,
          -0.335890708586025,
          0.023838092618908097
        ],
        [
          0.0,
          0.0,
          0.0,
          1.0
        ]
      ]
    },
    {
      "file_path": "images/frame_0013.png",
      "transform_matrix": [
        [
          -0.5555620761667333,
          -0.8312315170392053,
          -0.020123235475641876,
          0.3395709300381577
        ],
        [
          -0.27601973895555293,
          0.20720197073527125,
          -0.9385523144877573,
          0.6858430985987815
        ],
        [
          0.7843238382404396,
          -0.515869662224984,
          -0.34454986339231597,
          0.03406594010887046
        ],
        [
          0.0,
          0.0,
          0.0,
          1.0
        ]
      ]
    },
    {
      "file_path": "images/frame_0014.png",
      "transform_matrix": [
        [
          -0.5591131943194602,
          -0.8288802089144471,
          -0.018709227879024515,
          0.34002466792027053
        ],
        [
          -0.2826051930460398,
          0.21174609954425438,
          -0.9355735642862097,
          0.6892524372341778
        ],
        [
          0.7794400174492566,
          -0.5178041990924123,
          -0.3526358895531841,
          0.04364507967172332
        ],
        [
          0.0,
          0.0,
          0.0,
          1.0
        ]
      ]
    },
    {
      "file_path": "images/frame_0015.png",
      "transform_matrix": [
        [
          -0.5624377319230988,
          -0.8266576503420477,
          -0.01734724301328433,
          0.3403231667771501
        ],
        [
          -0.28879568429378044,
          0.21606190158306843,
          -0.9326919681318115,
          0.692406181182651
        ],
        [
          0.7747650291814185,
          -0.5195713462223162,
          -0.36025652768859373,
          0.05269258706036717
        ],
        [
          0.0,
          0.0,
          0.0,
          1.0
        ]
      ]
    },
    {
      "file_path": "images/frame_0016.png",
      "transform_matrix": [
        [
          -0.5655725589647935,
          -0.8245427608410676,
          -0.01602860226604108,
          0.34049066304088155
        ],
        [
          -0.2946597911525754,
          0.2201902763408834,
          -0.9298880844934212,
          0.6953468150382487
        ],
        [
          0.770261830823736,
          -0.5211961989016356,
          -0.3674931757550758,
          0.061297573507830716
        ],
        [
          0.0,
          0.0,
          0.0,
          1.0
        ]
      ]
    },
    {
      "file_path": "images/frame_0017.png",
      "transform_matrix": [
        [
          -0.568540130264413,
          -0.8225233042635497,
          -0.014749041402564389,
          0.34054320898288803
        ],
        [
          -0.300238567889587,
          0.2241544800803708,
          -0.9271523992373134,
          0.6981022983037004
        ],
        [
          0.7659105186838292,
          -0.5226951147688954,
          -0.37439403623214534,
          0.06951227156077497
        ],
        [
          0.0,
          0.0,
          0.0,
          1.0
        ]
      ]
    },
    {
      "file_path": "images/frame_0018.png",
      "transform_matrix": [
        [
          -0.5713592309885953,
          -0.8205889645439153,
          -0.013504829982807665,
          0.3404940409963405
        ],
        [
          -0.30556634404590993,
          0.2279741245790956,
          -0.92447661295936,
          0.7006956068754924
        ],
        [
          0.7616940583663078,
          -0.5240816251225935,
          -0.38099949036491354,
          0.07738051332127246
        ],
        [
          0.0,
          0.0,
          0.0,
          1.0
        ]
      ]
    },
    {
      "file_path": "images/frame_0019.png",
      "transform_matrix": [
        [
          -0.574045634090594,
          -0.8187310295987364,
          -0.012292727676096293,
          0.3403541687973323
        ],
        [
          -0.3106719245296187,
          0.2316657722969827,
          -0.9218535270069228,
          0.7031457795431701
        ],
        [
          0.7575978915563246,
          -0.5253669870844888,
          -0.3873434697928647,
          0.08493938260704118
        ],
        [
          0.0,
          0.0,
          0.0,
          1.0
        ]
      ]
    },
    {
      "file_path": "images/frame_0020.png",
      "transform_matrix": [
        [
          -0.5766120007078778,
          -0.8169425705200598,
          -0.011110225548213337,
          0.3401325648318884
        ],
        [
          -0.3155783025663562,
          0.23524250637498728,
          -0.919277595802132,
          0.7054682669339399
        ],
        [
          0.7536105994404487,
          -0.5265603476017615,
          -0.393453001951334,
          0.09221851973771628
        ],
        [
          0.0,
          0.0,
          0.0,
          1.0
        ]
      ]
    },
    {
      "file_path": "images/frame_0021.png",
      "transform_matrix": [
        [
          -0.579069034589972,
          -0.8152177300484388,
          -0.0099551892853178,
          0.33983681199940896
        ],
        [
          -0.32030486732200425,
          0.23871535701600016,
          -0.91674411385869,
          0.7076760751204262
        ],
        [
          0.7497225120995561,
          -0.5276694333949925,
          -0.3993508781907668,
          0.09924303679311583
        ],
        [
          0.0,
          0.0,
          0.0,
          1.0
        ]
      ]
    },
    {
      "file_path": "images/frame_0022.png",
      "transform_matrix": [
        [
          -0.5814258708706918,
          -0.8135515116548542,
          -0.008825789843259213,
          0.3394733845949351
        ],
        [
          -0.3248681228481245,
          0.2420937070026269,
          -0.9142490578539637,
          0.7097802629529975
        ],
        [
          0.7459253712264999,
          -0.528700836876419,
          -0.4050564968578834,
          0.1060344218468938
        ],
        [
          0.0,
          0.0,
          0.0,
          1.0
        ]
      ]
    },
    {
      "file_path": "images/frame_0023.png",
      "transform_matrix": [
        [
          -0.5836903579661893,
          -0.8119396286465363,
          -0.007720456633080408,
          0.33904785502508333
        ],
        [
          -0.32928220653094153,
          0.2453855794922229,
          -0.9117889809815521,
          0.7117903081601008
        ],
        [
          0.7422120953470194,
          -0.5296602277031829,
          -0.41058646922420183,
          0.11261117288570069
        ],
        [
          0.0,
          0.0,
          0.0,
          1.0
        ]
      ]
    },
    {
      "file_path": "images/frame_0024.png",
      "transform_matrix": [
        [
          -0.5858692901018565,
          -0.8103783771013309,
          -0.006637834146665189,
          0.3385650588459021
        ],
        [
          -0.3335593183028578,
          0.2485978817415061,
          -0.9093609153504277,
          0.7137143991691711
        ],
        [
          0.7385765742892731,
          -0.5305525224897608,
          -0.41595512353001785,
          0.11898932957601879
        ],
        [
          0.0,
          0.0,
          0.0,
          1.0
        ]
      ]
    },
    {
      "file_path": "images/frame_0025.png",
      "transform_matrix": [
        [
          -0.5879685947064326,
          -0.8088645322654194,
          -0.005576744748095996,
          0.3380292253632367
        ],
        [
          -0.3377100671665997,
          0.25173660442036205,
          -0.9069622883721435,
          0.7155596656616018
        ],
        [
          0.7350134979531137,
          -0.5313820193024494,
          -0.42117491305724486,
          0.12518290692313175
        ],
        [
          0.0,
          0.0,
          0.0,
          1.0
        ]
      ]
    },
    {
      "file_path": "images/frame_0026.png",
      "transform_matrix": [
        [
          -0.5899934811318166,
          -0.8073952659566141,
          -0.004536158375545496,
          0.33744408057561853
        ],
        [
          -0.34174374622166526,
          0.2548069806019445,
          -0.9045908547818186,
          0.7173323600409174
        ],
        [
          0.7315182185976927,
          -0.5321525036560172,
          -0.4262567403716798,
          0.13120424119455076
        ],
        [
          0.0,
          0.0,
          0.0,
          1.0
        ]
      ]
    },
    {
      "file_path": "images/frame_0027.png",
      "transform_matrix": [
        [
          -0.5919485586205968,
          -0.8059680809678039,
          -0.0035151682850101396,
          0.3368129287252159
        ],
        [
          -0.34566855064557445,
          0.25781361194552455,
          -0.9022446423172537,
          0.7190380010004
        ],
        [
          0.728086641164075,
          -0.5328673324164999,
          -0.43121021439865925,
          0.1370642647837856
        ],
        [
          0.0,
          0.0,
          0.0,
          1.0
        ]
      ]
    },
    {
      "file_path": "images/frame_0028.png",
      "transform_matrix": [
        [
          -0.5938379305136787,
          -0.8045807586916445,
          -0.0025129716287298764,
          0.3361387174908079
        ],
        [
          -0.3494917515675289,
          0.26076056932719194,
          -0.8999219083178369,
          0.7206814881476294
        ],
        [
          0.7247151356702093,
          -0.533529500803221,
          -0.4360438554815029,
          0.14277272578546296
        ],
        [
          0.0,
          0.0,
          0.0,
          1.0
        ]
      ]
    },
    {
      "file_path": "images/frame_0029.png",
      "transform_matrix": [
        [
          -0.5956652701808685,
          -0.8032313169357976,
          -0.0015288537982203754,
          0.3354240906336272
        ],
        [
          -0.3532198360265757,
          0.26365147377887954,
          -0.897621104816271,
          0.7222671944538096
        ],
        [
          0.7214004666880325,
          -0.5341416964325179,
          -0.4407652604215536,
          0.14833836494741762
        ],
        [
          0.0,
          0.0,
          0.0,
          1.0
        ]
      ]
    },
    {
      "file_path": "images/frame_0030.png",
      "transform_matrix": [
        [
          -0.5974338828103732,
          -0.8019179756238248,
          -0.0005621756894628738,
          0.3346714309334469
        ],
        [
          -0.3568586207124467,
          0.2664895622025698,
          -0.8953408502130855,
          0.7237990415602107
        ],
        [
          0.7181397360495583,
          -0.5347063433404051,
          -0.44538123658075374,
          0.15376905963672155
        ],
        [
          0.0,
          0.0,
          0.0,
          1.0
        ]
      ]
    },
    {
      "file_path": "images/frame_0031.png",
      "transform_matrix": [
        [
          -0.5984696763317086,
          -0.8011454589445675,
          1.1131776969597329e-05,
          0.33378943955074036
        ],
        [
          -0.3590053054330809,
          0.26817082336701886,
          -0.8939796419189607,
          0.7251762012754781
        ],
        [
          0.7162047452944711,
          -0.5350237033133687,
          -0.44810757604678825,
          0.15699101486022857
        ],
        [
          0.0,
          0.0,
          0.0,
          1.0
        ]
      ]
    },
    {
      "file_path": "images/frame_0032.png",
      "transform_matrix": [
        [
          -0.5984842713386178,
          -0.8011345558261126,
          2.0532368836923e-05,
          0.3327988314014025
        ],
        [
          -0.35903774954094414,
          0.2681947611044498,
          -0.8939594311380683,
          0.726486167855066
        ],
        [
          0.7161762851176066,
          -0.5350280306464528,
          -0.4481478941797233,
          0.1570622443441192
        ],
        [
          0.0,
          0.0,
          0.0,
          1.0
        ]
      ]
    },
    {
      "file_path": "images/frame_0033.png",
      "transform_matrix": [
        [
          -0.5984973514254979,
          -0.8011247839779058,
          2.8861984480710312e-05,
          0.3318958691757684
        ],
        [
          -0.3590669900849027,
          0.2682164450919935,
          -0.8939411810704204,
          0.7280090848690206
        ],
        [
          0.7161506943151201,
          -0.5350317925867244,
          -0.44818429686168604,
          0.15709467778733305
        ],
        [
          0.0,
          0.0,
          0.0,
          1.0
        ]
      ]
    },
    {
      "file_path": "images/frame_0034.png",
      "transform_matrix": [
        [
          -0.5985094259014461,
          -0.8011157630289227,
          3.6519942127277716e-05,
          0.3310227077557008
        ],
        [
          -0.359094257744204,
          0.2682367042390049,
          -0.8939241492174456,
          0.7296192132641447
        ],
        [
          0.7161269309014,
          -0.5350351434490835,
          -0.4482182661518359,
          0.15712393157488141
        ],
        [
          0.0,
          0.0,
          0.0,
          1.0
        ]
      ]
    },
    {
      "file_path": "images/frame_0035.png",
      "transform_matrix": [
        [
          -0.5985217185530095,
          -0.8011065787141058,
          4.428691236496585e-05,
          0.33013990378719316
        ],
        [
          -0.3591222521970954,
          0.26825753888460857,
          -0.8939066510595258,
          0.7312303583489754
        ],
        [
          0.7161026186219654,
          -0.5350384494338246,
          -0.4482531619857365,
          0.15715368318138306
        ],
        [
          0.0,
          0.0,
          0.0,
          1.0
        ]
      ]
    },
    {
      "file_path": "images/frame_0036.png",
      "transform_matrix": [
        [
          -0.5985351263841368,
          -0.8010965607863827,
          5.273095441810094e-05,
          0.32922058969406326
        ],
        [
          -0.3591529881502363,
          0.26828044724793954,
          -0.8938874273235978,
          0.7327826319236532
        ],
        [
          0.7160759970750872,
          -0.5350419627661681,
          -0.4482914950032453,
          0.15718609547886636
        ],
        [
          0.0,
          0.0,
          0.0,
          1.0
        ]
      ]
    },
    {
      "file_path": "images/frame_0037.png",
      "transform_matrix": [
        [
          -0.598550291160939,
          -0.8010852295950197,
          6.225630391532011e-05,
          0.3282464899524542
        ],
        [
          -0.35918794428357637,
          0.2683065320972299,
          -0.893865552259004,
          0.7342341699928779
        ],
        [
          0.7160457873854794,
          -0.5350458482771832,
          -0.44833510972135115,
          0.15722270648770093
        ],
        [
          0.0,
          0.0,
          0.0,
          1.0
        ]
      ]
    },
    {
      "file_path": "images/frame_0038.png",
      "transform_matrix": [
        [
          -0.5985676322882811,
          -0.8010722715394666,
          7.312591322466977e-05,
          0.3272062154285352
        ],
        [
          -0.35922812601352716,
          0.26833654537937013,
          -0.8938403950900147,
          0.7355577471929073
        ],
        [
          0.7160111333335604,
          -0.5350501978174229,
          -0.44838526153066866,
          0.15726452810219457
        ],
        [
          0.0,
          0.0,
          0.0,
          1.0
        ]
      ]
    },
    {
      "file_path": "images/frame_0039.png",
      "transform_matrix": [
        [
          -0.5985873331346325,
          -0.8010575493110743,
          8.54546785699073e-05,
          0.32609491746766855
        ],
        [
          -0.3592740247489891,
          0.2683708556732271,
          -0.8938116462465013,
          0.7367403639172487
        ],
        [
          0.7159716333427109,
          -0.5350550312976727,
          -0.44844256458504833,
          0.15731201874547054
        ],
        [
          0.0,
          0.0,
          0.0,
          1.0
        ]
      ]
    },
    {
      "file_path": "images/frame_0040.png",
      "transform_matrix": [
        [
          -0.598609322127472,
          -0.8010411160618494,
          9.91991593647934e-05,
          0.32491418051440824
        ],
        [
          -0.35932556386136577,
          0.2684094058776762,
          -0.8937793519611552,
          0.7377833640401604
        ],
        [
          0.7159273836205722,
          -0.5350602968028721,
          -0.4485069232101355,
          0.15736504268601598
        ],
        [
          0.0,
          0.0,
          0.0,
          1.0
        ]
      ]
    },
    {
      "file_path": "images/frame_0041.png",
      "transform_matrix": [
        [
          -0.5986332887930363,
          -0.8010232034806277,
          0.00011416857592067009,
          0.3236711987235208
        ],
        [
          -0.35938212223997645,
          0.2684517294470775,
          -0.8937439002147994,
          0.7387009225061533
        ],
        [
          0.7158789532896757,
          -0.5350658804694087,
          -0.44857756051141545,
          0.15742290939904519
        ],
        [
          0.0,
          0.0,
          0.0,
          1.0
        ]
      ]
    },
    {
      "file_path": "images/frame_0042.png",
      "transform_matrix": [
        [
          -0.5986587530486651,
          -0.8010041700768404,
          0.00013006816253718911,
          0.3223768888042708
        ],
        [
          -0.3594426797552994,
          0.2684970588180318,
          -0.8937059300331363,
          0.7395160454568493
        ],
        [
          0.7158272538598569,
          -0.5350716297147287,
          -0.4486531998168268,
          0.1574845347180228
        ],
        [
          0.0,
          0.0,
          0.0,
          1.0
        ]
      ]
    },
    {
      "file_path": "images/frame_0043.png",
      "transform_matrix": [
        [
          -0.5986851715362677,
          -0.8009844217594798,
          0.00014656472884511107,
          0.32104338318621595
        ],
        [
          -0.35950605152529425,
          0.26854450141640696,
          -0.8936661846996921,
          0.7402550166114915
        ],
        [
          0.715773333045651,
          -0.5350773839900576,
          -0.4487323576956251,
          0.1575486858658958
        ],
        [
          0.0,
          0.0,
          0.0,
          1.0
        ]
      ]
    },
    {
      "file_path": "images/frame_0044.png",
      "transform_matrix": [
        [
          -0.5987120417216268,
          -0.800964334046268,
          0.00016335035071352033,
          0.3196817768483058
        ],
        [
          -0.3595711235894945,
          0.26859321743458964,
          -0.8936253636892373,
          0.7409422581337564
        ],
        [
          0.7157181695179375,
          -0.5350830020977599,
          -0.44881363915097233,
          0.157614220135939
        ],
        [
          0.0,
          0.0,
          0.0,
          1.0
        ]
      ]
    },
    {
      "file_path": "images/frame_0045.png",
      "transform_matrix": [
        [
          -0.5987389693140222,
          -0.8009442016512462,
          0.00018018331781838315,
          0.31830079404365924
        ],
        [
          -0.3596370104687903,
          0.2686425391401549,
          -0.8935840233942186,
          0.7415971742760757
        ],
        [
          0.7156625373217822,
          -0.5350883777522887,
          -0.4488959352328449,
          0.15768023892280833
        ],
        [
          0.0,
          0.0,
          0.0,
          1.0
        ]
      ]
    },
    {
      "file_path": "images/frame_0046.png",
      "transform_matrix": [
        [
          -0.5987656886165835,
          -0.8009242232357501,
          0.00019690027025853762,
          0.316906482068565
        ],
        [
          -0.3597031079204545,
          0.2686920111789944,
          -0.8935425436323391,
          0.7422333022230351
        ],
        [
          0.7156069621572109,
          -0.5350934420853942,
          -0.4489784894060411,
          0.15774613418298047
        ],
        [
          0.0,
          0.0,
          0.0,
          1.0
        ]
      ]
    },
    {
      "file_path": "images/frame_0047.png",
      "transform_matrix": [
        [
          -0.5987920474102251,
          -0.8009045126703944,
          0.00021340681045978194,
          0.31550260298307403
        ],
        [
          -0.3597690644741254,
          0.26874136938512133,
          -0.8935011452865745,
          0.7428590805144192
        ],
        [
          0.7155517480977049,
          -0.535098157318081,
          -0.449060862054478,
          0.157811554368618
        ],
        [
          0.0,
          0.0,
          0.0,
          1.0
        ]
      ]
    },
    {
      "file_path": "images/frame_0048.png",
      "transform_matrix": [
        [
          -0.5988179758144557,
          -0.800885122285614,
          0.00022965851407757976,
          0.31409128983510404
        ],
        [
          -0.35983471460666727,
          0.2687904903686662,
          -0.893459932202507,
          0.7434792686969514
        ],
        [
          0.7154970370346856,
          -0.5351025071786968,
          -0.44914284677110994,
          0.15787633427782366
        ],
        [
          0.0,
          0.0,
          0.0,
          1.0
        ]
      ]
    },
    {
      "file_path": "images/frame_0049.png",
      "transform_matrix": [
        [
          -0.5988434546088043,
          -0.8008660665381753,
          0.0002456417370677033,
          0.31267366263820023
        ],
        [
          -0.3599000087273645,
          0.2688393385070422,
          -0.8934189352085269,
          0.7440963167701176
        ],
        [
          0.7154428702490752,
          -0.5351064880365084,
          -0.44922438254284247,
          0.15794042389519264
        ],
        [
          0.0,
          0.0,
          0.0,
          1.0
        ]
      ]
    },
    {
      "file_path": "images/frame_0050.png",
      "transform_matrix": [
        [
          -0.5988684906923566,
          -0.8008473403510964,
          0.00026135881717143095,
          0.3112502777675218
        ],
        [
          -0.3599649580205665,
          0.2688879240852067,
          -0.8933781468551809,
          0.7447113798885077
        ],
        [
          0.7153892366069732,
          -0.5351101024403488,
          -0.44930548451267394,
          0.15800383341751856
        ],
        [
          0.0,
          0.0,
          0.0,
          1.0
        ]
      ]
    },
    {
      "file_path": "images/frame_0051.png",
      "transform_matrix": [
        [
          -0.5988931012054317,
          -0.800828930983414,
          0.00027681853118177724,
          0.30982140612524245
        ],
        [
          -0.3600295982572593,
          0.2689362757845355,
          -0.8933375442383786,
          0.7453249535666809
        ],
        [
          0.7153361040149262,
          -0.5351133551567397,
          -0.4493861985259895,
          0.1580665977253582
        ],
        [
          0.0,
          0.0,
          0.0,
          1.0
        ]
      ]
    },
    {
      "file_path": "images/frame_0052.png",
      "transform_matrix": [
        [
          -0.5989173047650559,
          -0.8008108245840289,
          0.00029203083145423747,
          0.3083871851362886
        ],
        [
          -0.36009396951176087,
          0.2689844252525533,
          -0.8932971018047771,
          0.7459372239572621
        ],
        [
          0.7152834369494528,
          -0.5351162511086716,
          -0.4494665756484868,
          0.15812875670520454
        ],
        [
          0.0,
          0.0,
          0.0,
          1.0
        ]
      ]
    },
    {
      "file_path": "images/frame_0053.png",
      "transform_matrix": [
        [
          -0.5989411174802839,
          -0.8007930091726212,
          0.00030700443706116465,
          0.30694769378612147
        ],
        [
          -0.3601581067236015,
          0.26903239993690614,
          -0.8932567973127644,
          0.7465482420902898
        ],
        [
          0.7152312045434939,
          -0.535118794516175,
          -0.44954666031772067,
          0.1581903461540243
        ],
        [
          0.0,
          0.0,
          0.0,
          1.0
        ]
      ]
    },
    {
      "file_path": "images/frame_0054.png",
      "transform_matrix": [
        [
          -0.5989645517314148,
          -0.8007754755539482,
          0.0003217460662409688,
          0.3055029866512108
        ],
        [
          -0.36022203662156627,
          0.2690802207797076,
          -0.8932166137714596,
          0.7471580033441826
        ],
        [
          0.7151793831629896,
          -0.5351209886899314,
          -0.4496264864997547,
          0.15825139477986994
        ],
        [
          0.0,
          0.0,
          0.0,
          1.0
        ]
      ]
    },
    {
      "file_path": "images/frame_0055.png",
      "transform_matrix": [
        [
          -0.5989876163183694,
          -0.8007582172079946,
          0.00033626048005519493,
          0.304053108295215
        ],
        [
          -0.36028577785963756,
          0.2691279023686648,
          -0.8931765393463469,
          0.7477664811502948
        ],
        [
          0.7151279562213408,
          -0.5351228361231792,
          -0.4497060778888487,
          0.15831192423147653
        ],
        [
          0.0,
          0.0,
          0.0,
          1.0
        ]
      ]
    },
    {
      "file_path": "images/frame_0056.png",
      "transform_matrix": [
        [
          -0.5990103171427974,
          -0.8007412297806245,
          0.0003505508448326533,
          0.30259809905765417
        ],
        [
          -0.3603493424513506,
          0.2691754540791102,
          -0.8931365664422102,
          0.7483736404969147
        ],
        [
          0.7150769128921455,
          -0.5351243386828097,
          -0.4497854497401189,
          0.15837195033716617
        ],
        [
          0.0,
          0.0,
          0.0,
          1.0
        ]
      ]
    },
    {
      "file_path": "images/frame_0057.png",
      "transform_matrix": [
        [
          -0.5990326579847753,
          -0.8007245105031848,
          0.0003646191564889989,
          0.30113799732930413
        ],
        [
          -0.36041273747986335,
          0.26922288142106304,
          -0.8930966906117221,
          0.7489794431573398
        ],
        [
          0.7150262466021546,
          -0.5351254978028746,
          -0.44986461104565606,
          0.15843148460112214
        ],
        [
          0.0,
          0.0,
          0.0,
          1.0
        ]
      ]
    },
    {
      "file_path": "images/frame_0058.png",
      "transform_matrix": [
        [
          -0.5990546411796626,
          -0.8007080576865235,
          0.0003784666132651826,
          0.2996728404643187
        ],
        [
          -0.36047596661865483,
          0.26927018723348034,
          -0.893056909585044,
          0.7495838497148997
        ],
        [
          0.7149759537015554,
          -0.5351263146427374,
          -0.44994356646742906,
          0.15849053553290518
        ],
        [
          0.0,
          0.0,
          0.0,
          1.0
        ]
      ]
    },
    {
      "file_path": "images/frame_0059.png",
      "transform_matrix": [
        [
          -0.5990762681355746,
          -0.8006918703341034,
          0.00039209390159850033,
          0.29820266517282823
        ],
        [
          -0.360539031309827,
          0.2693173726084602,
          -0.8930172225178227,
          0.750186820385501
        ],
        [
          0.7149260324389677,
          -0.5351267902022382,
          -0.45002231783426583,
          0.1585491096740038
        ],
        [
          0.0,
          0.0,
          0.0,
          1.0
        ]
      ]
    },
    {
      "file_path": "images/frame_0060.png",
      "transform_matrix": [
        [
          -0.5990975396968269,
          -0.8006759478701879,
          0.0004055013972368293,
          0.2967275077090715
        ],
        [
          -0.36060193160070947,
          0.2693644375469978,
          -0.8929776294571016,
          0.7507883153832511
        ],
        [
          0.7148764822366478,
          -0.5351269253991652,
          -0.4501008652044452,
          0.15860721232373903
        ],
        [
          0.0,
          0.0,
          0.0,
          1.0
        ]
      ]
    },
    {
      "file_path": "images/frame_0061.png",
      "transform_matrix": [
        [
          -0.5991184563835533,
          -0.8006602899606411,
          0.00041868929796862187,
          0.29524740397140153
        ],
        [
          -0.36066466670073105,
          0.26941138139527643,
          -0.8929381309857573,
          0.751388295099956
        ],
        [
          0.7148273032098289,
          -0.5351267211183056,
          -0.45017920757286456,
          0.15866484802050046
        ],
        [
          0.0,
          0.0,
          0.0,
          1.0
        ]
      ]
    },
    {
      "file_path": "images/frame_0062.png",
      "transform_matrix": [
        [
          -0.599139018541708,
          -0.8006448964007078,
          0.0004316577067865479,
          0.2937623895593791
        ],
        [
          -0.36072723533326245,
          0.26945820312022634,
          -0.8928987279977708,
          0.7519867201994429
        ],
        [
          0.7147784958640663,
          -0.5351261782409041,
          -0.4502573433177789,
          0.15872202084469125
        ],
        [
          0.0,
          0.0,
          0.0,
          1.0
        ]
      ]
    },
    {
      "file_path": "images/frame_0063.png",
      "transform_matrix": [
        [
          -0.5991592264328927,
          -0.8006297670478142,
          0.00044440668173734155,
          0.2922724998077347
        ],
        [
          -0.3607896359482834,
          0.26950490147601247,
          -0.8928594215623803,
          0.7525835516681566
        ],
        [
          0.7147300609129583,
          -0.5351252976615531,
          -0.4503352704707808,
          0.1587787346012499
        ],
        [
          0.0,
          0.0,
          0.0,
          1.0
        ]
      ]
    },
    {
      "file_path": "images/frame_0064.png",
      "transform_matrix": [
        [
          -0.5991790802860406,
          -0.8006149017828869,
          0.00045693626463483294,
          0.29077776980720665
        ],
        [
          -0.36085186684600246,
          0.2695514751007768,
          -0.8928202128450874,
          0.7531787508416209
        ],
        [
          0.7146819991725875,
          -0.5351240802974305,
          -0.45041298687371334,
          0.15883499292550268
        ],
        [
          0.0,
          0.0,
          0.0,
          1.0
        ]
      ]
    },
    {
      "file_path": "images/frame_0065.png",
      "transform_matrix": [
        [
          -0.5991985803260922,
          -0.8006003004889006,
          0.0004692464970051935,
          0.28927823441784906
        ],
        [
          -0.36091392624625657,
          0.2695979225709275,
          -0.8927811030633149,
          0.7537722794172669
        ],
        [
          0.7146343115025368,
          -0.5351225270931131,
          -0.45049049026674604,
          0.15889079934252695
        ],
        [
          0.0,
          0.0,
          0.0,
          1.0
        ]
      ]
    },
    {
      "file_path": "images/frame_0066.png",
      "transform_matrix": [
        [
          -0.5992177267893384,
